Ambient_police_drone, 31.16676, 62.3, 61.1
Birds_spin, 282.853, 55.26436, -388.4431
CamControl(5), -113.7653, 0.5099962, -194.737
Cube(Clone), -211.9545, 69.0528, -196
Cube(Clone), -211.9964, 65.0528, -168.9328
Cube(Clone), -211.9964, 73.0528, -164.6065
Cube(Clone), -24, 24, 2222
Cube(Clone), -24, 24, 2222
Cube(Clone), -24, 24, 2222
FireField(1), 0, -350, 500
FreeCamera, 0, 2, -14
Glowing_orb(2), 0, 0, -128
Goal1Sound_trigger, -114.2437, 0.1834352, -200.715
Goal2Sound_trigger, -114.227, 0.1834351, -202.7583
Lift1, 30, 0.3, 48
Light1, 0, 5, 64
Light2, 0, 3, 65
Light3, 0, 8, 66
MainCamera, -92.17739, 1.779383, -197.9587
Moonlight(1), 960, -720, -960
Rain_calm(1), 44.52928, 0, -101.5535
Sphere(1a), 256, 222, 112
Sphere(2), 0, 0, -128
Sphere(2), 0, 0, -128
Sphere(Clone), -173.4845, -12.51025, -1083.523
Sphere(Clone), -173.5884, -12.5094, -1083.53
Sphere(Clone), 31.5492, 1.91752, 50.96293
Sphere(Clone), 31.64398, 1.552462, 50.9751
Sphere(Clone), 31.65295, 1.918371, 50.9701
Sphere(Clone), 390.3989, -12.5094, -321.0188
Sphere(Clone), 390.406, -12.51025, -321.1226
Sphere(Clone), 390.406, -12.51025, -321.1226
Sphere(Clone), 425.9483, -12.51025, -948.0484
Sphere(Clone), 426.0522, -12.5094, -948.0413
Sphere(Clone), 96.22312, -12.51025, 54.51711
Sphere(Clone), 96.32687, -12.5094, 54.52428
Sphere_Glowing(1), 256, 222, 112
Video(1), 70.3, 12.92, -222
Videochat1, 64, 0.1525, -256
Videochat2, 72, 0.1525041, -196
View1, -114.7827, 7.2, -200
View2, -114.7827, 7.2, -190.6647
VoiceChat1, -12, 0.1256, -212
Voicechat2, 0, 0.1256, -256
Voicechat3, 35, 0.1256, -245
Voicechat4, -81.96969, 0.1300001, -96.45766
Voicechat5, 35, 0.1256, -195
Wind_heavy(1), 96, 0, -236
bademeister, -177.2616, 0, -929.0057
bademeister, 100, 0, -100
bademeister, 429.7253, 0, -1102.565
bademeister, 544.9231, 0, -317.3457
bademeister, 544.9231, 0, -345.3457
bademeister, 564.9233, 0, -345.3457
bademeister, 567.9233, 0, -345.3457
ball1, 66.92123, 720, -253.5518
ballRoll_trigger, -114.0962, 0.433199, -203.8921
ballSound_trigger, -114.4278, 0.1834352, -203.4245
ball_orb(1), -100, 0, -200
ball_trigger, -100, 1, -200
ball_trigger_jump_pos, -100, 1, -200
btn1, 64.4469, 0.6, -202.1566
btnLift, 29.5, 1.3474, 51.03551
btn_Sphere(1a), 239.9451, 0.5049953, 71.84107
btn_back(1), 50.02, 1.5, -228
btn_info(1), 50, 2, -204.4461
btn_next(1), 50.02, 1.5, -231
btn_play(1), 50.02, 1.5, -229.5
button2, 222, 0.04160597, -256
button2, 222, 0.04160597, -256
cCube(poker), -100.2387, 0.9134865, -256.8012
cCube2, 49.89999, 0.3995125, -204.4696
cCubeRocket, 41.52959, 0.5100012, -255.5766
click_sheriff, 40.63432, 0.7955901, -213.2706
collider_cube, -10, 0.5, 0
commandCube1, -180, 333.4276, -600
dronecam, 16.72394, 13, -131.557
fusion, 220, 0, -720
fusion_orb, 220, 0, -720
getReferee, -114.1949, 0.1834351, -201.8085
ground, 0, 0, 0
ground2, -14.62645, 0.005000477, -202.6247
ground_stage, 12.47404, 0.4702829, -292.1195
house(1), 32, 30.9, 72
house(1)win(1), 25, 42, 50.95
house(1)win(2), 30, 42, 50.95
house(1)win(3), 38, 42, 50.95
house(10), -320, 24, 256
house(11), -420, 24, 320
house(12), -480, 24, 420
house(13), 740, 40, -68
house(13)win(1), 729.5248, 41.42168, -77.3241
house(13)win(10), 729.5248, 61.4217, -54.3241
house(13)win(11), 729.5248, 66.26244, -67.57081
house(13)win(12), 729.5248, 66.26244, -62.57082
house(13)win(13), 729.5248, 70.42169, -73.32411
house(13)win(14), 729.5248, 70.42169, -67.3241
house(13)win(15), 729.5248, 70.42169, -62.32412
house(13)win(16), 729.5248, 70.42169, -54.3241
house(13)win(17), 729.5248, 74.42169, -67.3241
house(13)win(18), 729.5248, 74.42169, -62.32412
house(13)win(2), 729.5248, 41.42168, -70.3241
house(13)win(3), 729.5248, 46.42168, -67.3241
house(13)win(5), 729.5248, 50.42168, -62.32412
house(13)win(6), 729.5248, 56.42169, -67.3241
house(13)win(7), 729.5248, 61.42169, -77.3241
house(13)win(8), 729.5248, 61.42169, -70.3241
house(13)win(9), 729.5248, 61.4217, -59.32412
house(14), 666, 21, -99
house(15), 222, 42, -120
house(15)win(1), 236.6927, 80.12602, -109.2093
house(15)win(10), 213.6927, 60.12601, -109.2093
house(15)win(11), 226.9393, 55.28526, -109.2093
house(15)win(12), 221.9394, 55.28526, -109.2093
house(15)win(13), 232.6927, 51.12601, -109.2093
house(15)win(14), 226.6927, 51.12601, -109.2093
house(15)win(15), 221.6927, 51.12601, -109.2093
house(15)win(16), 213.6927, 51.12601, -109.2093
house(15)win(2), 229.6927, 80.12602, -109.2093
house(15)win(3), 226.6927, 75.12602, -109.2093
house(15)win(4), 236.6927, 71.12602, -109.2093
house(15)win(5), 221.6927, 71.12602, -109.2093
house(15)win(6), 226.6927, 65.12602, -109.2093
house(15)win(7), 236.6927, 60.12601, -109.2093
house(15)win(8), 229.6927, 60.12601, -109.2093
house(15)win(9), 218.6927, 60.12601, -109.2093
house(16), 100, 21, -222
house(17), 222, 21, -222
house(18), 320, 21, -222
house(19), 450, 20, -250
house(2), 101, 20, 84
house(2)_2click, 112, 0.5, 52
house(2)win(1), 90, 36, 54
house(2)win(10), 98, 24, 54
house(2)win(11), 105, 24, 54
house(2)win(12), 110, 24, 53.89788
house(2)win(2), 95, 36, 54
house(2)win(3), 103, 36, 54
house(2)win(4), 98, 32, 54
house(2)win(5), 103, 32, 54
house(2)win(6), 110, 32, 54
house(2)win(7), 90, 28, 54
house(2)win(8), 98, 28, 54
house(2)win(9), 103, 28, 54
house(20), 500, 20, -250
house(20), 698, 20, 92.49434
house(21), 550, 20, -250
house(22), 666, 21, -222
house(23), 666, 21, -333
house(24), 565, 42, -196
house(24)win(1), 554.1992, 79.49783, -182.427
house(24)win(10), 554.1992, 59.49783, -205.427
house(24)win(11), 554.1992, 54.65708, -192.1803
house(24)win(12), 554.1992, 54.65708, -197.1803
house(24)win(13), 554.1992, 50.49783, -186.427
house(24)win(14), 554.1992, 50.49783, -192.427
house(24)win(15), 554.1992, 50.49783, -197.427
house(24)win(16), 554.1992, 50.49783, -205.427
house(24)win(17), 554.1992, 46.49783, -192.427
house(24)win(18), 554.1992, 46.49783, -197.427
house(24)win(2), 554.1992, 79.49783, -189.427
house(24)win(3), 554.1992, 74.49783, -192.427
house(24)win(4), 554.1992, 70.49783, -182.427
house(24)win(4), 729.5248, 50.42168, -77.3241
house(24)win(5), 554.1992, 70.49783, -197.427
house(24)win(6), 554.1992, 64.49783, -192.427
house(24)win(7), 554.1992, 59.49783, -182.427
house(24)win(8), 554.1992, 59.49783, -189.427
house(24)win(9), 554.1992, 59.49783, -200.427
house(25), 765, 42, -196
house(26), -180, 111, -600
house(26), 500, 20, -500
house(27), 200, 40, -500
house(27), 222, 42, -320
house(28), 300, 20, -500
house(28), 350, 40, -300
house(29), -21, 21, -320
house(3), 500, 40, 80
house(3)win(1), 490, 75, 95
house(3)win(10), 489.7128, 55, 72
house(3)win(17), 226.6927, 47.12601, -109.2093
house(3)win(18), 221.6927, 47.12601, -109.2093
house(3)win(2), 489.7128, 46, 72
house(3)win(2), 489.7128, 75, 88
house(3)win(3), 489.7128, 70, 85
house(3)win(4), 489.7128, 50.15925, 85.24669
house(3)win(4), 490, 66, 95
house(3)win(5), 489.7128, 50.15925, 80.24669
house(3)win(5), 489.7128, 66, 80
house(3)win(6), 489.7128, 46, 85
house(3)win(6), 489.7128, 60, 85
house(3)win(7), 489.7128, 55, 95
house(3)win(8), 489.7128, 46, 80
house(3)win(8), 489.7128, 55, 88
house(3)win(9), 489.7128, 42, 80
house(3)win(9), 489.7128, 42, 85
house(3)win(9), 489.7128, 46, 91
house(3)win(9), 489.7128, 55, 77
house(31), -130, 20, -200
house(32), -124, 40, -120
house(33), -222, 40, -180
house(34), -226, 20, -118
house(35), -230, 40, -350
house(36), -395, 40, -190
house(37), -400, 20, -72
house(38), -496, 20, -192
house(39), -512, 16, -512
house(4), 600, 21, 120
house(40), -480, 20, -572
house(41), -512, 21, -720
house(42), -400, 48, -720
house(43), -320, 40, -560
house(44), -296, 24, -600
house(45), -222, 42, -480
house(46), -100, 20, -500
house(47), 30, 20, -500
house(5), 600, 21, 80
house(6), -200, 20, 72
house(7), -300, 40, 80
house(8), -500, 40, 72
house(9), -222, 24, 222
house30, -130, 20, -350
jump12, 220.5679, 0.05534935, -628.9999
jump_Stage(2), -102, 0.5, -122
jump_Stage, 8.838398, 0.5049992, -219.3531
jump_Stage_right, 46.89068, 0.5099983, -244.5299
jump_basketball, -72, 0.5, -300
jump_car, -115.178, 0.5049994, -313.0663
jump_cube, -0.7500229, 1.004999, -159.9126
jump_house(1), 36.49323, 62.3, 56.38964
jump_house(16), 100, 42.05, -222
jump_house(28), 350, 62, -300
jump_house(32), -102, 0.5, -116
jump_pokertable, -100, -0.420456, -256
jump_prison(1), -112, 0.05, -346
jump_prison(2), -112, 0.05, -340
jump_prison(3), -112, 0.05, -334
localJump(1), 19.57129, 0.5049982, 52.4716
localJump(4), -114.5, 9.889897, -196.638
localjump_stage, 17.28162, 0.5099983, -277.5558
offsiteSound_trigger, -114.1993, 0.1934339, -204.7995
orb(3), 66.92123, 720, -253.5518
playerAnimCube, -112.7838, 0.5099953, -199.651
rasberry, 92, 44, 54
soccerfield, -100, 0.005, -200
stage_art, 52, 1.2, -200
stage_orb, 52, 1.2, -200
stageground, 61.4484, 2.528816, -222.0205
street1, 0, 0, 25.66203
street2, 0, 0, -420
street3, 0, 0, -640
street4, 0, 0, -1368
take(1), -120, 2.7, -169.995
times_cam, -20.79729, 1.6, -302.9745
times_mirror, -20.83398, 1.42, -304.0025
trigger5, 1.828246, 0.05, -12.8
trump_cube, -8, 0.5, -200
usdt_adress, 64.44742, 1.2, -201.5566
zPro_AdminObject(Clone), 45.78746, 0.5, -190.0405
zPro_PlotPassword(Clone), 34.49193, 62.3, 61.25368
zparticle_Embers_heavy(Clone), 0, 72, 220
zparticle_Glowing orb 27(Clone), -71.68, 5.15, -307.5
zprim_Cube(Clone), -20.83398, 1.42, -304.0035
zprim_Cube(Clone), -99.32559, 0.06000094, -213.2825
zprim_Cube(Clone), 49.78754, 1.958231, -239.0456
zprim_Cube(Clone), 49.94999, 1.353629, -210.955
zprim_Cube(Clone), 49.94999, 1.353629, -212.105
zprim_Cube(Clone), 49.94999, 1.353629, -213.255
zprim_Cube(Clone), 49.94999, 1.353629, -214.405
zprim_Cube(Clone), 49.94999, 1.353629, -215.555
zprim_Cube(Clone), 49.94999, 1.353629, -216.705
